%YAML:1.0
R: !!opencv-matrix
   rows: 3
   cols: 3
   dt: d
   data: [ 9.9998503112994030e-01, 1.5975731981880549e-03,
       5.2330942977107144e-03, -1.7263947567754863e-03,
       9.9969328420956560e-01, 2.4705405631892961e-02,
       -5.1920205311688939e-03, -2.4714070206443568e-02,
       9.9968107797268768e-01 ]
T: !!opencv-matrix
   rows: 3
   cols: 1
   dt: d
   data: [ -5.0552851072439386e+00, -2.1656528182065472e-02,
       -7.2737218371589710e-02 ]
R1: !!opencv-matrix
   rows: 3
   cols: 3
   dt: d
   data: [ 9.9979027233716566e-01, 5.5239801092107372e-03,
       1.9720471184259864e-02, -5.7672383935018189e-03,
       9.9990772229410341e-01, 1.2299831622040028e-02,
       -1.9650707399192988e-02, -1.2410984665652491e-02,
       9.9972987209462738e-01 ]
R2: !!opencv-matrix
   rows: 3
   cols: 3
   dt: d
   data: [ 9.9988733065436441e-01, 4.2834553731063048e-03,
       1.4386730238534373e-02, -4.1053601079371763e-03,
       9.9991486366624871e-01, -1.2385937093792284e-02,
       -1.4438560013862551e-02, 1.2325478869959907e-02,
       9.9981978903968094e-01 ]
P1: !!opencv-matrix
   rows: 3
   cols: 4
   dt: d
   data: [ 1.2768472423086839e+03, 0., 5.7167676544189453e+02, 0., 0.,
       1.2768472423086839e+03, 3.9132728195190430e+02, 0., 0., 0., 1.,
       0. ]
P2: !!opencv-matrix
   rows: 3
   cols: 4
   dt: d
   data: [ 1.2768472423086839e+03, 0., 5.7167676544189453e+02,
       -6.4555541913350362e+03, 0., 1.2768472423086839e+03,
       3.9132728195190430e+02, 0., 0., 0., 1., 0. ]
Q: !!opencv-matrix
   rows: 4
   cols: 4
   dt: d
   data: [ 1., 0., 0., -5.7167676544189453e+02, 0., 1., 0.,
       -3.9132728195190430e+02, 0., 0., 0., 1.2768472423086839e+03, 0.,
       0., 1.9779049241388624e-01, 0. ]
