%YAML:1.0
M1: !!opencv-matrix
   rows: 3
   cols: 3
   dt: d
   data: [ 1.3949657896675060e+03, 0., 5.8858135681282999e+02, 0.,
       1.3949657896675060e+03, 3.7862573037919913e+02, 0., 0., 1. ]
D1: !!opencv-matrix
   rows: 1
   cols: 8
   dt: d
   data: [ 6.8772116419851176e-02, -4.6670812903762793e-01, 0., 0., 0.,
       0., 0., -9.6826578026497345e-01 ]
M2: !!opencv-matrix
   rows: 3
   cols: 3
   dt: d
   data: [ 1.3949657896675060e+03, 0., 6.0956149049483383e+02, 0.,
       1.3949657896675060e+03, 4.0452095457981750e+02, 0., 0., 1. ]
D2: !!opencv-matrix
   rows: 1
   cols: 8
   dt: d
   data: [ 8.3919481773408841e-02, -8.0035638695361822e-01, 0., 0., 0.,
       0., 0., -2.0594695950839816e+00 ]
